Testing MyArrayList:
Data in MyArrayList: [9.096342890953835 17.778959390123443 9.00621953652833 6.557377359768621 11.098286412589509 12.031788250199464 14.814228488253672 8.216892767136208 5.948412721763271 10.77651149328437 15.381867850967627 6.234524109120019 10.028983897431294 15.981704569323641 13.999271815516371 1.8300075058805647 14.376431047677109 3.5954471220100293 5.347468014660642 17.97735107475102 15.830994081705713 10.649202562693512 2.1457232442681455 5.897577012881694 4.001654070826698 4.113289073469145 19.795808345190935 8.334654960142702 9.444519344886542 15.607916833088971 18.112259059703355 14.014991485927222 8.014351766375123 17.53373078259605 8.023616134469895 8.76017111743822 19.129192310165145 5.614494376744145 6.644265227433725 7.260727882611288 3.6870730799627984 16.242030163049343]
Max: 19.795808345190935
Min: 1.8300075058805647
Mean: 10.450864743656412
Variance: 25.803662581988068

Testing MyLinkedList:
Data in MyLinkedList: [1.036884502263456 3.086858939454626 19.863765194344083 16.61117286379443 12.778975384960601 1.6484574228284248 12.088395412396954 1.4326603039803834 7.1028693394983575 17.447049726535507 9.759550634275902 7.890589466017084 5.414048115963337 15.111414591726101 1.9937671210774597 8.902771204349916 9.151274151363536 8.640689789652853 18.66138068908844 16.2207818620034 12.023006492409474 4.509663409903721 15.559653568646583 17.872173530248578 12.060315129111157 6.748340371039566 1.0125543521470222 15.635228859814728 2.394832465108725 1.2517242823394334 6.006411966909819 2.623980158448333 12.907593658459584]
Max: 19.863765194344083
Min: 1.0125543521470222
Mean: 9.256025301823076
Variance: 35.48023321378569
